96
6 5 20
5 5 27
5 12 27
5 12 20
6 6 20
6 7 20
5 53 20
5 53 27
5 60 27
6 60 20
6 58 20
6 59 20
6 29 17
6 29 24
6 36 24
6 36 17
7 31 17
7 32 17
7 34 17
6 17 16
5 17 23
5 24 23
5 24 16
6 17 18
6 17 17
5 41 16
5 41 23
5 48 23
6 48 16
6 48 18
6 48 17
5 0 12
5 0 19
6 7 19
5 7 12
6 5 19
6 6 19
5 58 12
6 58 19
5 65 19
5 65 12
6 59 19
6 60 19
5 9 11
5 9 18
6 16 18
5 16 11
6 16 17
6 16 16
5 49 11
6 49 18
5 56 18
5 56 11
6 49 17
6 49 16
4 31 13
5 31 16
5 34 16
4 34 13
5 32 16
6 18 7
6 18 14
6 25 14
6 25 7
7 25 12
7 25 11
7 25 9
6 40 7
6 40 14
6 47 14
6 47 7
7 40 12
7 40 11
7 40 9
5 26 9
5 26 12
4 29 12
4 29 9
5 26 11
4 36 9
4 36 12
5 39 12
5 39 9
5 39 11
5 31 8
4 31 11
4 34 11
5 34 8
5 32 8
6 29 0
6 29 7
6 36 7
6 36 0
7 31 7
7 32 7
7 34 7
268
10 7
37 40
48 43
71 67
90 92
18 13
47 43
48 46
81 82
13 15
27 28
47 48
59 57
90 91
18 14
20 22
62 63
30 53
4 5
31 34
66 61
86 87
29 50
89 92
5 0
23 19
51 52
73 67
85 86
21 22
36 33
66 63
94 95
71 81
48 19
23 20
36 31
43 45
72 70
78 76
31 32
37 38
54 51
35 31
47 46
29 25
29 30
35 34
35 36
38 40
66 74
4 2
32 33
48 44
64 66
18 57
8 9
53 50
7 9
65 63
93 91
5 3
78 74
84 86
25 26
41 38
47 44
68 70
33 5
14 15
30 28
74 77
88 85
88 86
10 8
23 21
41 40
42 37
41 42
36 4
71 73
74 75
11 6
12 15
17 12
29 26
49 52
6 7
24 19
47 24
93 84
17 59
23 22
24 22
25 27
72 67
84 87
35 0
29 28
60 62
78 77
80 82
93 90
10 9
67 68
75 76
16 18
48 45
39 40
10 38
53 52
66 62
1 2
29 27
88 84
89 91
68 69
95 87
6 8
25 28
36 34
93 89
95 89
65 78
17 18
19 20
26 28
49 50
79 81
56 57
73 68
10 6
91 92
45 23
16 13
94 91
12 14
16 14
19 22
50 52
55 56
5 1
11 7
17 13
85 87
94 88
65 66
71 69
73 70
30 26
42 39
53 49
53 51
55 57
1 3
18 12
28 54
0 1
10 11
32 34
37 39
84 85
4 0
11 8
71 68
76 77
20 21
9 42
71 72
78 75
16 56
17 14
19 21
55 58
59 56
61 62
69 70
79 80
16 12
23 24
35 32
47 45
64 61
66 60
64 65
72 69
35 33
54 52
72 73
95 90
93 95
26 27
43 46
49 51
53 54
67 69
50 51
74 76
83 79
83 80
6 9
31 33
60 63
65 62
73 69
30 25
41 37
64 60
83 81
64 75
72 68
93 94
2 3
42 38
44 45
56 58
67 70
0 2
11 9
45 46
57 58
4 1
75 77
80 81
38 39
60 61
11 41
94 89
72 83
17 15
64 63
65 61
94 92
95 92
5 2
24 20
43 44
59 58
89 90
95 91
0 3
42 40
44 46
54 49
65 60
94 90
7 8
18 15
36 32
59 55
71 70
64 62
93 92
12 13
13 14
16 15
33 34
41 39
16 17
61 63
83 82
88 87
73 82
4 3
24 21
30 27
54 50
79 82
