353
8 96 210
7 96 299
7 113 299
8 113 210
8 96 225
8 96 218
8 113 222
8 113 216
8 158 210
7 158 299
7 168 299
8 168 210
8 158 222
8 158 216
8 168 215
8 168 213
11 586 291
10 586 299
10 1096 299
11 1096 291
11 598 291
11 610 291
11 721 291
11 729 291
11 737 291
11 906 291
11 1001 291
8 1113 210
7 1113 299
7 1154 299
8 1154 210
8 1154 222
8 1154 216
8 1113 215
8 1113 213
9 544 210
9 544 294
9 569 294
9 569 210
9 544 233
9 544 222
9 569 215
9 569 213
9 556 294
9 187 210
9 187 292
9 211 292
9 211 210
9 211 225
9 211 218
9 187 215
9 187 213
9 199 292
9 312 210
9 312 292
9 421 292
9 421 210
9 421 233
9 421 222
9 312 225
9 312 218
9 366 292
9 586 210
9 586 290
9 610 290
9 610 210
9 598 290
9 610 220
9 610 215
9 586 215
9 586 213
9 721 210
9 721 290
9 737 290
9 737 210
9 729 290
9 721 220
9 721 215
9 737 219
9 737 215
8 906 290
8 1096 290
7 1001 290
7 916 290
7 926 290
7 1058 290
7 1077 290
9 906 210
9 906 289
9 926 289
9 926 210
9 916 289
9 926 222
9 926 216
9 906 219
9 906 215
9 1058 210
9 1058 289
9 1096 289
9 1096 210
9 1077 289
9 1058 222
9 1058 216
9 1096 215
9 1096 213
6 422 210
6 422 233
6 543 233
6 543 210
6 543 222
6 422 222
4 0 210
4 0 225
5 95 225
5 95 210
5 95 218
6 212 210
6 212 225
6 311 225
6 311 210
6 212 218
6 311 218
6 114 210
6 114 222
6 157 222
6 157 210
6 114 216
6 157 216
6 927 210
6 927 222
6 1057 222
6 1057 210
6 927 216
6 1057 216
5 1155 210
5 1155 222
4 1599 222
4 1599 210
5 1155 216
6 611 210
6 611 220
6 720 220
6 720 210
6 611 215
6 720 215
6 738 210
6 738 219
6 905 219
6 905 210
6 738 215
6 905 215
6 169 210
6 169 215
6 186 215
6 186 210
6 169 213
6 186 213
6 570 210
6 570 215
6 585 215
6 585 210
6 570 213
6 585 213
6 1097 210
6 1097 215
6 1112 215
6 1112 210
6 1112 213
6 1097 213
20 0 144
19 0 149
19 1599 149
20 1599 144
20 84 144
20 168 144
20 586 144
20 841 144
20 1096 144
20 298 144
20 433 144
20 569 144
20 187 144
20 242 144
20 297 144
20 1296 144
20 1447 144
20 1113 144
20 1204 144
20 1295 144
9 0 135
9 0 143
9 168 143
9 168 135
9 84 143
9 1 135
9 2 135
9 149 135
9 158 135
12 586 125
12 586 143
12 1096 143
12 1096 125
12 841 143
12 600 125
12 615 125
12 819 125
12 845 125
12 871 125
12 1080 125
12 1088 125
10 187 125
10 187 135
10 249 135
9 249 125
10 218 135
10 193 125
10 200 125
10 201 125
10 202 125
10 203 125
4 0 0
5 0 134
5 2 134
4 2 0
5 1 134
4 149 0
5 149 134
5 168 134
4 168 0
5 158 134
4 1113 0
5 1113 128
5 1146 128
4 1146 0
5 1129 128
4 1296 0
5 1296 127
5 1324 127
4 1324 0
5 1310 127
4 586 0
5 586 124
5 615 124
4 615 0
5 600 124
4 819 0
5 819 124
5 871 124
4 871 0
5 845 124
4 1080 0
5 1080 124
5 1096 124
4 1096 0
5 1088 124
10 187 293
9 187 299
10 421 299
10 421 293
10 199 293
10 211 293
10 312 293
10 366 293
10 421 297
10 421 295
7 422 295
7 422 299
6 569 299
7 569 295
7 544 295
7 556 295
7 422 297
11 298 125
13 298 143
12 569 143
12 569 125
12 433 143
12 298 140
12 298 136
12 356 125
12 365 125
12 374 125
12 544 125
12 556 125
8 187 136
8 187 143
9 297 143
8 297 136
8 242 143
8 218 136
8 249 136
8 297 140
9 1296 128
10 1296 143
9 1599 143
8 1599 128
9 1447 143
9 1310 128
9 1324 128
9 1296 136
9 1296 129
8 1113 129
8 1113 143
9 1295 143
8 1295 129
8 1204 143
8 1129 129
8 1146 129
8 1295 136
6 356 77
6 356 124
6 374 124
6 374 77
6 365 124
6 365 77
6 187 0
7 187 124
8 200 124
6 200 0
7 193 124
7 200 89
7 200 53
8 201 53
9 201 124
8 203 124
8 203 53
8 202 124
8 201 89
8 203 76
8 203 65
6 204 53
6 204 76
6 280 76
6 280 53
6 204 65
6 280 65
10 281 0
11 281 76
11 569 76
10 569 0
11 356 76
11 365 76
11 374 76
11 281 65
11 281 53
11 544 76
11 556 76
6 544 77
6 544 124
6 569 124
6 569 77
6 556 124
6 556 77
1509
68 63
104 98
214 215
293 294
334 332
31 30
39 35
43 38
176 181
180 187
195 189
235 238
278 283
63 64
109 110
161 158
70 65
320 321
120 49
329 325
280 313
100 98
155 154
281 282
289 291
311 312
33 27
173 172
202 209
49 50
178 182
41 158
174 177
44 45
104 99
107 108
162 157
250 252
261 258
21 24
61 56
123 124
175 181
303 304
298 237
32 27
39 41
118 119
277 278
309 311
100 99
168 166
204 206
175 184
264 256
277 272
290 287
317 318
14 11
15 9
20 24
216 317
179 187
215 212
327 323
173 174
181 184
328 322
293 295
25 16
174 180
218 210
175 178
176 188
244 203
2 3
77 79
175 172
144 139
150 145
279 273
296 299
5 6
57 61
105 108
307 303
341 338
131 96
77 78
94 90
126 122
168 164
203 201
0 2
61 54
143 142
183 184
313 310
343 338
344 336
118 59
16 18
66 65
177 181
261 54
239 238
270 271
319 320
9 10
117 119
139 142
20 26
41 35
298 299
96 99
169 172
177 186
283 273
290 286
8 9
59 56
92 93
16 63
305 304
291 277
128 90
258 55
175 169
198 199
260 264
263 264
78 146
67 62
140 141
208 198
167 166
174 188
119 53
41 36
69 65
82 80
143 144
204 200
209 198
327 322
116 47
21 23
85 81
95 89
66 68
128 131
215 210
262 256
277 282
20 18
21 17
52 44
315 317
342 336
12 124
11 151
187 305
203 208
204 208
254 253
264 257
298 300
194 224
21 22
175 185
203 199
82 86
94 88
161 159
193 196
337 338
17 19
22 17
32 34
176 184
74 145
6 1
72 73
92 88
245 248
23 16
175 179
217 218
279 280
50 153
34 27
42 38
211 212
211 213
240 242
276 281
281 283
331 332
5 3
20 19
42 35
32 138
52 47
67 69
102 98
141 142
198 201
20 16
36 37
40 43
321 318
67 70
86 80
178 179
181 187
249 247
24 17
22 24
60 53
300 292
342 338
84 89
220 221
279 281
296 294
342 344
6 123
59 60
179 185
208 199
205 207
45 255
133 102
82 85
234 232
115 113
120 116
179 172
249 245
62 160
14 8
24 18
59 55
333 344
174 169
177 179
288 182
182 171
188 172
173 182
280 274
283 274
12 8
15 8
133 131
115 5
298 293
251 208
13 10
32 28
203 209
66 62
85 86
205 206
103 97
146 148
319 316
273 178
122 123
234 231
51 156
182 170
0 1
22 23
103 96
315 316
348 350
349 350
113 4
177 169
181 185
226 228
199 201
205 201
250 253
279 283
328 323
77 74
151 154
178 169
178 184
320 316
271 265
269 271
314 311
219 324
252 201
67 64
209 200
207 209
110 58
342 312
44 47
150 148
342 345
173 180
191 192
265 267
288 285
316 318
83 86
110 107
139 141
301 302
342 339
116 117
194 195
206 199
25 18
316 317
241 198
266 267
299 300
305 303
41 37
177 183
251 253
23 24
84 85
269 36
115 114
127 124
194 189
195 192
348 282
25 17
45 46
103 99
216 210
235 236
246 248
277 280
351 349
4 3
60 54
92 95
328 329
342 343
163 165
184 185
239 236
173 185
187 188
229 228
278 273
13 11
120 118
124 125
133 128
334 333
343 346
46 260
10 11
14 9
121 119
185 170
294 172
12 13
93 87
121 118
289 284
322 325
351 347
52 259
143 68
33 29
271 266
282 272
283 275
308 301
338 339
6 7
174 175
222 223
5 2
180 171
163 99
3 122
176 169
282 273
341 346
181 170
173 179
23 25
43 37
42 43
294 295
351 283
8 11
40 38
204 201
182 172
251 252
32 29
48 47
106 108
215 319
79 149
219 210
236 237
276 283
236 238
299 295
112 114
175 177
197 189
340 346
287 278
25 19
96 98
157 160
217 213
263 257
261 262
345 336
346 338
42 37
76 77
91 87
108 35
307 232
322 321
185 186
259 255
269 270
282 275
297 299
50 45
66 64
132 128
173 186
203 207
64 65
68 64
183 171
59 53
68 62
151 152
234 233
280 281
6 3
20 17
25 26
189 221
297 300
326 322
293 303
175 186
196 192
308 302
218 326
167 165
214 217
336 337
261 257
342 346
347 345
229 197
270 43
89 90
206 198
245 247
176 180
185 188
299 293
68 65
179 171
175 188
265 266
291 287
58 60
105 106
262 257
156 152
225 226
272 274
281 311
72 74
93 90
155 151
48 44
60 61
259 256
326 329
145 148
270 265
320 318
57 53
58 61
150 147
167 164
281 275
13 8
33 28
49 45
282 283
344 346
352 348
210 211
6 0
83 84
93 94
186 171
175 176
23 26
66 70
88 89
143 141
161 157
346 339
120 119
185 171
184 188
217 210
272 273
58 54
67 63
79 72
278 281
224 223
252 253
302 303
335 330
133 129
173 170
180 172
218 211
240 243
66 69
149 146
196 191
128 129
262 263
341 336
345 346
31 28
44 46
102 104
158 159
4 1
68 69
145 146
292 294
343 344
117 48
14 10
197 190
244 243
284 285
85 80
205 208
241 242
155 156
180 169
260 258
281 273
299 292
34 28
109 105
121 117
306 234
173 187
178 187
196 189
203 205
216 219
13 9
20 25
87 90
278 280
217 323
162 160
174 186
217 211
219 211
245 246
67 68
150 146
156 154
305 308
341 314
278 272
300 295
31 32
152 153
177 187
193 189
194 196
204 209
224 220
261 256
66 63
97 99
155 153
183 186
225 227
350 338
60 56
75 79
178 185
274 275
279 274
280 273
307 302
309 312
5 1
12 15
157 158
279 310
244 240
249 248
313 311
58 59
59 61
62 65
174 172
174 185
203 200
206 209
4 6
34 30
110 105
183 188
214 218
217 219
271 267
23 17
178 180
179 180
15 155
75 78
215 211
297 298
219 213
322 324
37 38
49 46
96 97
184 169
296 292
46 47
57 55
149 145
218 213
242 243
263 258
286 287
291 284
75 77
179 169
181 172
300 293
129 92
334 330
163 166
180 188
224 222
180 170
327 329
344 345
239 237
276 280
306 302
351 348
335 343
77 71
205 209
262 255
87 89
181 186
196 190
202 200
281 274
24 19
36 38
41 42
93 95
202 208
260 256
288 289
22 25
27 29
62 64
76 73
92 87
176 170
206 207
249 246
1 2
8 10
22 16
91 95
102 96
170 171
175 180
202 201
75 73
84 80
92 89
277 283
344 338
102 97
104 96
331 333
176 178
221 223
265 264
1 3
53 55
88 90
214 212
297 294
138 137
149 150
180 183
173 178
174 176
255 258
288 284
298 295
48 45
51 46
161 160
307 308
329 323
202 203
226 227
55 56
139 140
178 172
276 277
306 304
24 73
40 35
128 130
207 208
173 184
176 179
179 182
169 190
39 36
45 47
185 172
321 317
177 188
180 181
209 199
16 17
134 135
105 56
286 183
51 45
120 117
345 339
183 187
195 191
281 272
310 311
323 325
31 33
93 88
102 99
208 200
269 268
321 316
7 0
24 25
158 160
215 213
219 212
330 332
31 135
5 0
52 46
203 198
101 99
193 190
178 188
198 200
215 219
229 225
49 47
77 73
94 89
98 99
185 187
214 219
346 336
130 101
26 19
43 35
76 74
240 241
279 275
126 125
178 183
194 192
184 170
203 206
215 218
260 257
276 272
7 2
9 11
70 63
326 325
244 241
260 255
264 258
259 261
280 282
97 98
175 187
215 216
334 329
330 325
173 183
204 199
237 238
255 256
259 262
43 36
69 70
91 93
296 295
335 333
75 71
91 89
290 284
280 275
297 239
101 103
214 216
230 232
280 283
319 317
20 23
270 267
277 273
179 181
246 247
319 318
214 211
276 279
16 19
53 54
159 160
78 71
178 170
175 183
193 195
202 198
12 14
50 47
50 52
206 208
13 127
174 191
188 170
188 171
320 317
0 3
33 34
144 141
296 300
343 336
286 273
95 150
206 201
207 201
262 264
314 309
95 88
126 124
183 169
298 292
23 19
101 102
262 258
163 164
174 178
203 204
300 294
321 315
327 324
352 350
57 59
173 177
181 183
7 126
254 252
168 163
202 199
235 237
61 53
195 197
297 295
13 14
23 18
20 21
143 140
182 187
288 287
348 349
20 66
48 50
76 72
123 125
276 273
277 275
278 274
349 275
95 87
181 169
180 186
208 201
313 309
83 80
173 176
205 200
229 227
254 250
270 268
4 7
109 108
207 200
247 248
255 257
335 331
335 332
140 67
18 19
57 58
200 201
269 267
277 279
322 323
35 38
79 74
83 81
115 111
127 122
291 285
326 323
21 25
50 46
91 88
179 170
202 205
225 228
227 228
21 64
6 2
27 30
100 96
70 162
109 40
101 98
189 192
297 292
186 187
334 331
347 350
289 214
68 70
84 86
130 131
173 175
215 217
328 325
35 36
71 73
152 154
100 101
115 112
151 153
169 170
193 194
39 40
48 52
58 55
336 338
226 196
140 142
146 147
331 328
12 10
24 26
112 113
301 304
320 315
35 37
174 171
250 251
186 172
214 213
278 275
40 37
100 104
144 142
186 302
141 76
49 44
79 73
105 107
134 137
207 198
343 339
328 324
332 337
4 2
182 169
209 201
69 64
180 182
352 349
31 34
39 42
58 56
157 159
173 188
175 182
92 94
143 139
153 154
279 272
340 345
54 56
216 211
277 281
176 186
194 190
196 197
205 199
256 258
24 16
26 18
83 85
38 157
267 268
284 286
87 148
190 192
195 196
305 306
73 74
164 165
185 169
176 183
256 257
7 3
15 10
39 38
296 293
195 222
39 43
100 97
186 169
326 327
274 180
63 65
174 187
263 256
178 181
181 188
216 218
261 264
280 272
49 52
126 123
177 170
301 303
340 344
132 93
319 321
29 30
135 137
182 184
268 37
220 223
296 297
227 192
86 100
142 71
204 205
284 287
210 316
145 147
313 312
144 77
7 1
50 51
109 106
216 212
289 285
330 331
51 44
78 74
104 97
129 131
156 151
352 347
57 60
110 106
129 130
190 191
288 290
296 298
266 268
164 103
14 152
263 255
326 324
326 328
161 162
341 342
254 209
271 263
48 51
78 73
79 71
166 27
175 170
180 185
352 346
244 242
288 291
49 51
144 140
177 171
184 171
187 172
184 186
259 264
305 307
4 0
21 26
22 26
344 337
78 79
313 314
351 352
184 172
187 171
205 198
229 226
239 235
32 33
75 74
183 172
332 333
340 336
22 72
28 29
177 182
183 185
204 198
42 161
50 44
53 56
180 184
182 188
277 274
176 202
12 9
184 187
132 130
167 163
177 178
260 262
329 322
77 72
92 90
103 98
346 337
340 341
273 274
347 348
276 179
48 46
173 171
231 232
155 152
156 153
188 303
34 29
40 36
58 53
292 293
340 338
42 36
60 55
202 207
165 166
176 172
285 287
308 303
341 343
39 37
71 74
101 97
19 81
296 185
110 108
122 124
208 209
216 213
278 282
21 19
27 28
66 67
301 231
176 185
214 210
337 339
300 304
80 88
59 54
100 102
170 172
247 207
230 231
278 279
329 324
343 345
351 350
76 79
177 185
202 204
116 118
174 170
285 286
107 39
83 91
81 98
28 30
91 90
260 263
342 337
106 57
173 193
106 107
187 170
307 304
279 282
292 295
299 294
4 5
101 96
175 171
207 199
261 263
291 286
167 168
194 197
199 200
78 72
218 219
52 45
69 62
70 64
221 222
290 285
289 290
298 294
284 211
69 63
135 136
168 165
174 183
210 213
269 265
340 339
347 349
127 123
173 169
174 181
323 317
206 200
44 154
17 18
178 186
193 192
169 171
179 183
265 268
309 310
323 324
5 7
48 49
75 72
168 104
23 75
306 308
114 0
13 15
187 169
257 258
297 293
149 147
272 275
276 282
261 255
273 275
343 337
345 337
26 16
176 177
259 257
147 148
176 182
241 243
289 286
305 302
41 38
71 72
82 83
336 339
69 159
93 89
127 125
188 169
262 61
276 274
307 301
340 309
138 134
174 184
197 191
139 65
91 92
132 133
134 136
232 233
254 251
259 263
315 318
285 181
76 78
95 90
186 188
246 205
136 137
176 187
179 188
121 60
292 236
94 95
111 113
122 125
15 11
176 171
194 191
202 206
231 233
341 339
31 29
54 55
111 114
183 170
182 186
230 233
264 255
276 278
21 16
113 114
177 172
341 345
319 315
26 82
299 308
40 42
121 116
126 127
173 181
182 185
269 266
305 301
94 87
111 112
132 129
62 63
116 119
133 130
302 304
341 337
41 43
57 54
61 55
51 47
179 186
175 199
109 107
327 325
345 338
260 261
282 274
14 15
21 18
182 183
162 158
288 286
344 339
84 81
86 81
102 103
218 212
165 33
101 104
181 171
177 184
314 310
290 212
51 52
220 222
308 304
179 184
197 192
193 197
270 266
306 307
40 41
132 131
149 148
334 335
70 62
164 166
186 170
174 182
217 212
12 11
22 19
20 22
8 125
249 206
266 257
189 191
306 301
341 344
212 213
234 230
259 258
314 312
327 328
87 88
178 171
177 180
103 104
25 80
162 159
189 190
195 190
271 268
293 184
75 76
82 84
120 121
330 333
340 337
57 56
224 221
310 312
276 275
289 287
306 303
94 147
82 81
91 94
210 212
204 207
167 34
22 18
76 71
193 191
30 134
26 17
33 30
324 325
31 27
174 179
181 182
32 30
259 260
283 272
340 343
85 97
100 103
138 135
171 172
327 320
67 65
216 217
242 204
290 291
340 342
177 200
80 81
117 118
138 136
