352
14 3 69
13 3 73
13 49 73
14 49 69
14 5 69
14 7 69
14 15 69
14 17 69
14 19 69
14 27 69
14 29 69
14 31 69
14 39 69
14 44 69
6 84 3
5 84 73
5 92 73
5 92 3
6 84 11
6 84 7
6 53 58
6 53 71
6 80 71
6 80 58
7 65 58
7 66 58
7 68 58
18 3 15
19 3 68
19 7 68
19 7 15
19 5 68
19 7 63
19 7 61
19 7 58
19 7 52
19 7 50
19 7 47
19 7 41
19 7 39
19 7 36
19 7 30
19 7 28
19 7 25
19 7 19
19 7 17
33 15 15
33 15 68
33 19 68
33 19 15
33 17 68
33 15 63
33 15 61
33 15 58
33 19 63
33 19 61
33 19 58
33 15 52
33 15 50
33 15 47
33 19 52
33 19 50
33 19 47
33 15 41
33 15 39
33 15 36
33 19 41
33 19 39
33 19 36
33 15 30
33 15 28
33 15 25
33 19 30
33 19 28
33 19 25
33 15 19
33 15 17
33 19 19
33 19 17
33 27 15
33 27 68
33 31 68
33 31 15
33 29 68
33 27 63
33 27 61
33 27 58
33 31 63
33 31 61
33 31 58
33 27 52
33 27 50
33 27 47
33 31 52
33 31 50
33 31 47
33 27 41
33 27 39
33 27 36
33 31 41
33 31 39
33 31 36
33 27 30
33 27 28
33 27 25
33 31 30
33 31 28
33 31 25
33 27 19
33 27 17
33 31 19
33 31 17
25 39 15
25 39 68
25 49 68
24 49 15
25 44 68
25 39 63
25 39 61
25 39 58
25 39 52
25 39 50
25 39 47
25 49 52
25 49 50
25 49 48
25 39 41
25 39 39
25 39 36
25 39 30
25 39 28
25 39 25
25 39 19
25 39 17
25 49 29
25 49 27
25 49 25
6 8 58
6 8 63
6 14 63
6 14 58
6 8 61
6 14 61
6 20 58
6 20 63
6 26 63
6 26 58
6 20 61
6 26 61
6 32 58
6 32 63
6 38 63
6 38 58
6 32 61
6 38 61
9 65 48
9 65 57
9 68 57
9 68 48
9 66 57
9 65 52
9 65 50
9 68 52
9 68 50
6 8 47
6 8 52
6 14 52
6 14 47
6 8 50
6 14 50
6 20 47
6 20 52
6 26 52
6 26 47
6 20 50
6 26 50
6 32 47
6 32 52
6 38 52
6 38 47
6 32 50
6 38 50
9 50 48
9 50 52
9 64 52
9 64 48
9 50 50
9 64 50
9 57 48
9 58 48
9 60 48
8 69 48
8 69 52
7 80 52
7 80 48
8 69 50
8 73 48
8 74 48
8 76 48
15 57 33
15 57 47
15 60 47
15 60 33
15 58 47
15 57 44
15 57 43
15 57 41
15 60 44
15 60 43
15 60 41
15 57 37
15 57 35
15 60 37
15 60 35
15 73 33
15 73 47
15 76 47
15 76 33
15 74 47
15 73 44
15 73 43
15 73 41
15 76 44
15 76 43
15 76 41
15 73 37
15 73 35
15 76 37
15 76 35
4 53 41
4 53 44
5 56 44
5 56 41
5 56 43
5 61 41
5 61 44
4 64 44
4 64 41
5 61 43
4 69 41
4 69 44
5 72 44
5 72 41
5 72 43
5 77 41
5 77 44
4 80 44
4 80 41
5 77 43
6 8 36
6 8 41
6 14 41
6 14 36
6 8 39
6 14 39
6 20 36
6 20 41
6 26 41
6 26 36
6 20 39
6 26 39
6 32 36
6 32 41
6 38 41
6 38 36
6 32 39
6 38 39
4 53 33
4 53 37
5 56 37
5 56 33
5 56 35
5 61 33
5 61 37
4 64 37
4 64 33
5 61 35
4 69 33
4 69 37
5 72 37
5 72 33
5 72 35
5 77 33
5 77 37
4 80 37
4 80 33
5 77 35
6 8 25
6 8 30
6 14 30
6 14 25
6 8 28
6 14 28
6 20 25
6 20 30
6 26 30
6 26 25
6 20 28
6 26 28
6 32 25
6 32 30
6 38 30
6 38 25
6 32 28
6 38 28
6 8 15
6 8 19
6 14 19
6 14 15
6 8 17
6 14 17
6 20 15
6 20 19
6 26 19
6 26 15
6 20 17
6 26 17
6 32 15
6 32 19
6 38 19
6 38 15
6 32 17
6 38 17
8 53 15
9 53 29
8 80 29
8 80 15
9 53 27
9 53 25
9 66 15
9 67 15
9 69 15
6 50 25
6 50 29
6 52 29
6 52 25
6 50 27
6 52 27
6 66 12
6 66 14
6 69 14
6 69 12
6 67 14
6 67 12
7 3 3
7 3 11
8 83 11
8 83 3
8 83 7
8 66 11
8 67 11
8 69 11
2522
348 345
6 2
36 30
35 43
59 46
55 59
84 92
93 98
85 148
83 85
116 112
12 2
64 65
131 134
147 144
110 318
58 65
58 76
204 201
283 284
292 70
18 19
73 47
83 95
89 99
175 171
102 79
83 104
121 123
195 196
37 43
69 74
88 100
122 112
122 134
327 328
2 3
96 105
134 112
122 136
61 73
126 129
162 155
227 283
80 81
93 95
69 75
70 71
98 102
168 169
196 192
203 205
121 130
125 127
168 165
309 310
327 326
33 44
55 66
58 66
116 123
127 136
196 197
50 71
137 139
271 270
31 4
90 94
97 102
121 131
121 132
276 272
31 39
66 46
66 70
84 100
134 136
290 71
19 348
31 37
65 48
78 47
120 129
144 145
279 280
337 333
63 48
65 67
86 111
89 101
127 115
136 114
219 225
33 38
52 77
130 135
228 214
98 82
130 133
36 28
52 70
89 103
253 254
266 262
196 215
91 100
287 288
39 29
70 73
126 263
118 123
11 0
33 36
53 62
62 64
76 78
86 108
102 109
48 49
55 69
58 68
60 67
66 77
119 113
125 129
56 74
103 81
116 129
342 340
52 61
90 79
181 179
128 136
319 320
33 27
44 45
50 76
65 74
135 114
225 227
286 285
242 221
32 27
86 80
136 115
205 199
219 217
76 310
112 320
50 57
120 128
328 331
335 328
35 45
104 106
323 324
349 344
96 79
83 86
189 184
52 73
58 62
224 226
36 44
56 64
61 62
204 207
7 12
84 108
88 106
125 131
51 68
97 98
127 129
225 279
34 44
101 82
105 108
128 133
209 211
44 30
98 105
180 179
315 316
90 107
118 122
333 334
35 165
56 73
62 77
32 38
52 60
60 69
66 75
121 113
239 240
27 29
51 78
138 140
298 295
130 304
56 143
119 112
21 22
58 63
60 76
92 79
103 80
93 111
101 108
156 158
182 184
222 224
50 60
225 228
266 261
301 302
295 102
31 43
35 41
60 49
132 134
216 217
60 47
62 76
107 110
299 301
322 320
74 48
54 78
70 72
114 115
59 167
98 258
304 300
12 3
91 106
121 115
123 115
155 156
168 167
205 206
7 10
59 47
71 46
95 97
61 76
74 76
84 110
130 114
117 128
210 211
52 55
94 102
117 122
135 136
210 202
36 43
77 49
121 136
125 130
213 202
13 0
58 49
84 96
87 97
126 131
218 226
108 110
117 121
211 201
219 221
222 223
244 245
309 308
64 69
85 111
117 123
147 146
190 182
197 194
97 260
259 257
7 50
12 13
113 115
10 1
58 73
63 78
35 29
60 68
71 78
103 79
118 129
137 140
73 46
59 73
101 79
84 98
117 120
208 202
208 238
41 28
50 55
121 129
190 184
106 82
126 112
203 202
52 75
68 77
77 78
85 98
201 202
75 307
65 78
112 115
196 198
253 251
121 133
35 44
53 46
58 67
84 82
92 95
133 112
116 136
204 202
291 292
93 101
128 132
129 134
330 324
350 346
94 108
223 214
24 20
68 47
54 55
54 56
64 77
116 127
334 335
1 2
5 12
32 34
83 100
84 87
198 194
68 46
53 76
90 99
34 137
52 63
66 73
84 85
52 58
53 56
93 82
135 336
31 40
51 53
90 110
210 201
206 213
70 74
89 93
223 227
67 68
109 79
124 127
209 201
222 225
240 241
10 83
303 302
226 281
69 77
84 109
88 96
91 105
120 124
127 131
191 158
214 280
156 24
6 8
68 72
73 77
123 135
329 325
72 49
85 101
334 324
91 79
105 79
109 110
124 115
265 266
34 38
50 65
85 100
135 113
125 134
69 76
76 77
128 115
205 202
159 25
26 23
36 41
75 48
107 82
120 133
159 161
312 314
6 13
41 30
43 27
208 201
210 199
58 169
8 1
96 110
119 114
126 133
153 149
220 227
44 29
53 49
116 119
142 137
224 214
188 200
62 48
62 67
98 79
86 92
145 146
303 304
177 93
40 41
100 82
98 107
126 115
54 73
90 98
227 217
54 62
88 99
124 135
128 135
188 190
45 29
37 38
197 192
26 21
59 77
162 158
198 192
259 258
300 105
120 122
6 1
66 68
85 90
119 129
180 177
329 324
205 201
238 237
281 278
345 346
111 321
91 102
338 339
56 68
62 63
91 95
95 99
97 108
162 163
221 227
170 173
72 48
55 60
93 80
85 104
91 108
119 125
144 146
206 212
68 76
97 80
86 103
120 114
281 279
324 326
79 81
92 102
130 112
271 269
311 313
99 262
63 70
82 317
31 38
37 44
87 107
125 132
134 135
203 199
348 351
91 80
129 130
336 332
25 23
45 28
127 130
195 192
309 305
133 322
26 22
92 104
168 166
329 331
163 156
5 11
40 30
64 48
55 57
56 57
87 103
130 136
208 209
55 68
97 82
95 108
127 134
195 194
218 227
127 266
56 65
71 74
99 102
336 333
183 123
54 144
351 344
11 3
20 22
51 62
87 102
189 190
212 201
230 232
95 82
96 109
102 104
123 125
218 217
243 242
185 155
54 61
101 110
104 107
104 109
181 176
220 225
18 14
32 42
75 49
52 74
97 110
120 132
196 193
60 70
86 89
203 204
203 206
52 54
57 75
57 76
68 69
84 103
208 211
62 73
220 214
249 251
85 103
88 108
89 96
221 216
52 71
93 81
95 104
96 97
340 341
33 28
50 62
186 182
243 239
262 263
7 13
52 48
56 48
60 61
92 100
94 110
9 3
35 39
90 82
85 110
88 98
124 136
34 39
332 333
6 47
10 3
31 29
46 49
117 125
131 132
38 45
57 72
120 135
180 178
219 228
277 278
8 2
59 78
75 76
104 81
90 108
99 108
260 257
277 280
55 70
66 74
132 114
322 319
127 112
204 209
224 216
322 318
52 142
7 9
122 113
255 256
323 325
42 29
184 160
9 12
14 16
61 72
45 27
84 93
91 103
190 201
29 30
34 42
40 42
64 46
58 71
59 60
257 258
64 71
116 132
117 129
131 133
159 157
171 173
118 132
33 43
52 57
84 79
83 103
93 108
97 111
117 115
161 162
337 332
43 287
284 285
50 51
50 63
73 78
207 208
219 216
225 214
272 273
36 168
5 13
89 110
141 138
211 213
223 228
38 40
62 65
155 157
221 226
268 270
295 296
34 27
51 70
74 78
87 106
231 232
91 175
52 49
72 46
91 99
92 111
117 130
239 242
4 13
40 44
69 49
65 77
85 88
85 91
205 233
67 76
72 75
83 111
92 97
116 114
186 183
305 308
312 313
27 30
65 70
83 98
90 100
93 102
106 107
142 138
14 15
53 67
211 202
55 47
51 71
63 76
99 82
186 187
265 261
36 40
101 81
100 107
104 108
126 127
236 237
12 0
5 7
87 91
129 131
39 40
65 71
80 82
116 117
116 125
342 341
250 38
6 10
56 77
83 109
174 171
253 249
90 172
121 112
84 80
85 92
96 99
123 126
128 129
208 200
331 326
98 81
327 330
54 70
60 78
130 115
199 200
64 72
119 133
206 208
199 270
35 30
38 27
63 68
203 210
338 349
95 109
67 48
50 64
68 255
97 100
116 128
27 28
54 60
57 59
66 78
105 82
119 127
33 35
51 75
97 81
248 246
122 179
51 76
97 104
220 223
33 39
328 330
129 112
52 56
222 216
211 271
1 3
4 12
86 79
100 111
122 131
53 58
61 77
99 106
132 115
315 313
204 231
38 41
133 115
207 211
226 228
294 296
45 309
53 47
89 108
229 230
51 72
178 179
206 201
108 80
56 59
56 67
89 105
174 175
228 216
254 249
291 287
51 69
62 68
63 64
89 94
125 112
120 127
121 124
38 29
61 46
71 48
57 60
67 77
133 114
220 217
51 48
51 60
54 59
85 80
98 103
271 267
77 46
59 62
86 98
348 349
101 261
9 1
50 48
51 65
84 88
50 61
106 81
86 88
86 93
118 130
116 120
188 184
298 294
343 341
66 72
13 3
59 49
73 48
55 78
61 63
215 217
97 79
84 104
44 306
121 126
37 29
50 77
51 58
88 81
107 81
90 91
121 114
37 164
32 39
50 72
51 66
88 105
136 113
126 132
187 189
31 45
54 69
128 113
181 178
291 289
41 288
58 69
63 67
67 78
154 152
68 48
106 80
89 109
130 134
164 165
75 47
55 76
58 60
58 72
205 211
38 28
86 105
119 128
117 151
57 71
59 61
95 80
163 155
186 189
293 74
32 30
85 97
88 93
148 146
212 199
286 283
219 224
238 235
259 255
336 334
78 315
9 0
83 93
183 185
239 241
50 74
56 63
87 94
156 157
199 202
288 290
40 43
59 67
91 82
127 114
154 150
318 320
37 45
42 44
50 78
122 129
321 319
25 22
124 130
229 231
133 134
28 29
37 39
56 47
59 69
86 90
118 135
122 126
350 345
34 43
57 47
64 47
206 207
16 17
52 66
100 110
116 126
174 172
31 41
57 67
91 101
91 107
260 256
303 301
209 202
203 211
233 229
330 325
37 27
52 59
55 58
85 106
128 114
219 222
293 294
35 28
55 65
102 108
122 114
234 237
4 7
51 56
88 110
205 213
226 214
327 331
252 65
276 274
19 14
50 68
60 62
68 70
94 98
95 111
159 163
9 2
13 2
88 82
92 93
66 256
224 244
43 28
85 79
83 106
119 123
196 191
42 45
54 46
92 105
119 121
120 125
104 82
186 184
204 213
209 212
330 342
4 0
5 6
24 25
41 42
63 46
83 94
321 318
341 351
54 57
119 132
129 136
182 183
192 193
225 215
119 152
297 298
0 3
56 49
53 59
57 61
94 95
211 200
273 275
349 350
51 139
51 61
89 79
214 215
292 290
10 2
5 9
89 82
91 97
172 173
187 188
88 153
94 82
84 102
123 124
56 76
61 71
90 102
160 161
218 224
53 48
89 81
106 110
218 219
221 224
51 59
88 79
84 86
205 212
293 296
310 306
32 40
76 47
55 62
88 102
149 150
153 152
278 279
57 46
55 77
73 74
83 107
99 111
62 72
62 75
248 247
254 251
351 347
123 129
31 32
33 45
51 64
54 75
90 111
103 106
135 115
124 126
255 258
114 3
93 97
103 111
4 6
94 80
103 82
159 156
14 347
33 42
87 98
213 200
207 212
289 69
35 27
71 75
212 200
256 258
58 59
89 98
52 67
88 103
118 121
31 36
70 46
59 66
60 77
93 99
93 110
116 115
222 214
25 21
40 29
69 48
183 184
260 258
300 301
119 136
190 185
269 270
282 283
96 257
32 33
85 102
195 191
298 293
36 45
99 110
218 223
204 205
209 213
56 58
59 65
108 79
111 79
238 236
8 48
32 44
52 46
51 52
85 99
92 106
126 135
101 80
87 100
192 194
37 28
57 62
57 69
83 105
150 151
87 95
93 94
149 151
206 209
207 213
286 284
11 81
47 48
56 70
90 103
97 106
125 128
191 192
111 80
134 114
330 323
7 1
197 198
226 227
251 252
85 105
87 99
195 193
51 49
55 67
68 75
79 80
91 109
99 103
253 250
53 61
116 131
224 225
50 53
85 95
119 120
223 215
227 216
228 217
298 103
32 28
65 49
112 113
230 231
209 234
77 47
54 72
103 105
228 215
297 296
58 75
86 82
89 95
204 208
31 27
69 70
57 166
52 47
83 92
60 171
92 173
342 339
54 66
129 113
120 123
133 135
150 152
160 155
174 173
60 74
102 110
118 125
291 288
55 61
64 68
91 104
160 157
176 178
229 232
337 335
66 48
96 107
12 1
35 38
54 49
50 59
54 76
72 76
110 81
100 105
213 199
7 11
57 64
92 96
99 105
211 199
55 49
55 64
56 62
85 109
86 109
98 101
118 126
96 80
111 81
87 111
94 105
122 128
215 216
43 44
109 111
108 313
37 41
56 69
118 131
218 222
5 2
90 96
93 105
97 105
117 132
163 157
169 166
310 308
331 324
39 42
94 96
343 340
61 66
223 225
54 67
88 104
255 257
265 263
217 282
62 49
227 214
50 73
56 61
58 64
105 110
125 113
161 155
186 124
19 17
57 77
61 74
117 131
207 201
291 290
310 305
66 67
107 108
169 167
6 12
50 47
55 48
84 111
94 103
131 113
62 71
261 264
342 343
344 345
76 46
58 74
141 139
224 228
240 242
317 319
266 264
32 29
96 82
94 107
95 102
96 102
125 133
203 212
318 319
60 66
70 76
122 127
159 160
337 327
9 80
83 96
124 134
154 151
36 38
54 77
100 81
109 81
50 67
107 109
248 244
123 136
10 0
31 30
31 42
51 55
65 68
86 107
117 119
261 262
67 259
330 331
187 161
54 48
59 68
83 81
85 93
139 140
106 79
85 96
131 114
123 133
221 214
311 312
7 0
19 16
35 37
63 75
129 132
191 193
327 325
64 67
88 80
90 80
87 93
96 100
170 171
207 202
134 333
195 163
67 46
89 100
92 109
147 145
159 158
59 75
327 323
20 23
28 30
43 29
64 49
85 87
96 101
169 165
292 288
54 47
67 73
87 110
127 132
128 134
174 170
175 172
56 72
84 99
110 111
197 191
195 198
89 80
93 79
124 128
205 210
321 322
31 28
32 37
34 35
73 76
336 337
5 0
64 66
120 130
122 124
182 125
40 27
58 46
67 71
116 134
234 235
259 256
53 66
328 323
98 111
210 213
304 299
70 48
60 71
88 94
96 111
119 115
310 307
9 10
10 13
14 17
117 126
180 181
63 47
61 67
225 217
50 49
190 183
203 200
263 264
316 312
4 1
89 107
99 101
102 107
153 151
57 73
92 82
95 79
83 99
98 110
104 111
159 162
131 112
169 164
233 232
250 251
336 335
122 133
160 163
56 46
138 139
143 144
29 5
8 12
11 13
117 127
316 313
32 138
109 316
226 215
39 43
55 63
95 81
88 101
124 113
128 112
116 118
53 140
85 86
305 307
18 346
10 12
50 58
69 71
110 82
86 106
332 335
129 301
89 92
90 106
135 112
208 213
293 295
306 308
321 317
69 47
118 115
116 130
116 135
208 199
209 200
220 215
153 154
208 210
33 37
71 73
85 94
123 113
40 45
52 62
188 182
266 263
157 26
112 114
323 326
206 232
87 150
245 247
40 28
55 74
70 77
89 97
205 207
299 107
118 128
189 185
204 212
241 242
8 10
51 57
51 63
53 78
56 78
59 70
61 65
65 76
88 111
153 150
345 347
84 81
99 80
100 101
119 124
119 126
221 223
56 75
102 106
187 185
218 221
283 285
210 269
331 340
15 16
65 72
94 104
132 135
163 158
93 96
241 219
96 108
116 121
223 216
224 217
4 8
53 69
75 78
100 80
200 202
221 222
24 22
35 36
134 115
218 220
11 2
18 15
32 35
60 46
90 81
189 182
56 71
66 76
94 106
134 113
177 178
67 47
98 109
117 113
123 128
235 237
292 289
57 70
60 64
87 92
141 140
165 166
206 200
287 289
249 252
4 10
58 47
59 74
88 92
88 97
98 106
220 224
289 290
64 74
85 108
105 111
273 212
41 45
64 78
171 172
223 224
45 30
78 46
103 109
118 119
176 179
187 184
78 48
88 109
246 247
313 314
294 72
19 15
74 47
67 75
210 200
197 218
4 5
90 104
103 110
281 277
338 340
222 245
68 49
55 71
125 115
278 280
315 312
220 221
7 3
39 44
57 78
74 75
109 82
94 109
225 216
286 282
142 139
22 23
41 44
58 70
86 102
103 108
105 106
125 136
57 68
98 99
99 107
101 109
61 68
218 214
85 81
94 81
93 109
35 42
64 73
86 110
125 114
121 135
224 215
5 8
92 108
95 105
129 133
204 210
35 40
55 72
90 109
91 111
57 49
95 96
102 103
42 291
79 314
349 351
46 47
57 48
61 49
95 106
98 104
221 225
276 275
31 34
120 136
60 65
107 111
38 44
72 78
204 211
70 75
161 163
186 188
25 20
54 71
57 74
90 101
296 104
100 265
129 115
124 131
204 200
238 234
46 48
60 73
97 101
117 118
305 306
339 341
73 75
89 106
227 228
338 341
5 1
102 80
129 114
187 183
205 200
273 274
337 334
6 9
89 91
117 114
133 136
72 74
303 300
253 39
297 73
63 71
86 91
91 110
164 167
329 323
52 72
68 71
85 82
83 108
116 133
344 346
180 94
8 13
59 48
50 66
300 302
86 81
95 98
188 185
196 194
311 314
331 325
121 181
63 69
103 107
83 88
244 246
265 262
25 26
83 89
233 231
4 2
92 81
97 109
105 109
127 135
31 33
58 48
65 66
106 111
133 113
199 201
218 225
292 287
61 47
107 80
84 91
92 110
116 113
132 113
212 213
349 345
38 30
50 69
53 70
198 216
6 3
57 63
96 104
117 124
282 285
72 77
89 104
91 98
98 100
206 211
222 228
250 252
33 40
51 67
54 64
121 134
127 133
65 46
58 78
101 104
120 115
161 158
71 47
62 69
84 97
207 209
222 227
113 114
342 338
90 95
117 134
4 3
33 29
122 132
249 40
63 65
65 73
86 101
75 77
123 131
176 177
203 201
204 199
351 346
207 200
8 3
39 27
59 76
83 110
97 103
101 103
126 128
307 308
136 332
53 75
55 75
83 97
102 105
129 135
223 217
331 323
86 100
106 108
124 132
177 179
210 212
234 236
34 41
62 74
63 77
272 274
317 320
41 29
59 63
96 81
121 122
329 330
46 308
44 27
259 260
304 302
53 73
84 105
91 92
108 111
122 135
186 190
304 301
8 11
102 82
186 185
328 325
8 9
78 49
50 70
71 76
124 129
147 143
4 9
52 64
122 115
130 132
83 82
92 103
130 131
214 216
243 220
227 215
5 3
51 74
51 77
105 107
106 109
108 109
200 201
343 338
34 45
54 58
72 73
118 127
166 167
37 40
121 127
122 130
124 125
125 135
267 270
297 294
53 63
55 56
94 100
282 284
349 347
33 141
0 2
31 44
73 49
53 60
123 114
349 346
42 28
87 101
91 93
193 194
198 191
36 29
61 48
52 78
66 71
122 123
248 245
315 314
18 17
71 49
74 46
117 133
253 252
34 29
119 131
141 137
77 48
50 56
60 75
105 81
108 81
93 106
131 135
207 210
235 236
332 334
297 293
105 80
87 89
294 295
346 347
272 202
43 30
154 149
267 269
277 279
53 72
53 55
66 69
95 103
125 126
53 57
54 65
89 102
94 111
218 216
120 178
42 43
83 102
119 130
7 2
24 21
184 185
327 324
44 28
123 112
143 146
206 202
330 326
37 42
83 80
87 81
5 10
63 49
128 130
299 302
34 28
116 124
164 166
211 212
324 325
128 264
343 350
70 47
54 74
110 79
124 133
299 300
344 347
54 68
58 77
63 74
28 0
62 170
84 89
86 96
93 104
96 106
220 228
118 154
7 8
38 42
86 94
117 135
126 134
131 136
203 208
10 11
56 60
181 177
218 215
219 226
325 326
39 28
92 80
136 112
180 176
260 255
268 269
55 147
50 75
87 80
86 104
88 107
95 107
124 112
119 134
50 52
52 69
64 75
120 126
168 164
191 194
34 30
54 63
130 113
272 275
51 73
53 65
61 64
93 103
143 145
189 203
218 228
267 268
329 326
131 302
9 11
52 76
57 58
127 128
222 217
348 347
316 311
120 134
52 68
53 54
61 70
61 75
109 80
94 101
103 104
188 189
205 209
256 257
328 324
86 146
71 72
87 105
95 101
160 156
38 39
68 74
87 96
92 94
92 99
101 111
159 155
208 212
88 91
119 122
128 131
142 140
189 183
68 73
87 82
126 113
327 329
36 27
67 49
99 81
99 109
100 103
226 216
222 226
348 350
8 0
4 11
65 47
89 111
170 172
309 306
348 344
84 145
132 136
50 46
102 81
110 80
83 90
86 87
118 120
118 124
62 70
123 130
281 280
288 289
36 42
41 43
57 65
100 108
187 190
195 197
203 209
66 49
276 273
0 1
33 30
147 148
182 185
52 53
53 68
122 125
254 250
51 47
99 104
175 170
317 318
350 347
303 106
37 30
90 92
94 97
203 207
116 13
24 23
26 20
162 156
175 173
213 201
225 226
84 101
95 110
220 226
75 46
63 66
84 95
120 112
192 162
100 79
297 295
32 45
63 73
83 79
91 81
84 94
348 346
72 47
207 235
113 12
51 54
104 79
148 144
276 213
32 41
38 43
79 82
89 90
100 106
132 112
198 193
32 43
65 69
9 13
87 109
148 143
160 162
219 215
262 264
329 339
34 40
69 72
85 107
243 240
274 275
70 49
207 199
39 30
43 45
67 69
87 88
315 311
89 149
243 241
6 7
39 45
222 215
176 95
57 66
123 127
137 138
30 305
49 311
55 73
100 104
101 102
41 27
32 36
118 133
160 158
219 220
206 210
18 16
67 70
83 87
84 107
88 95
126 114
205 208
220 216
261 263
316 314
60 48
62 78
69 78
339 340
86 95
92 101
97 107
104 110
118 112
131 115
59 72
63 72
85 89
219 227
271 268
90 93
117 136
132 133
71 77
74 77
39 41
93 107
120 131
157 158
31 35
104 105
224 227
351 345
66 47
70 78
94 79
83 91
127 113
123 134
126 130
86 99
287 290
91 94
94 99
96 103
221 215
34 37
62 47
118 113
197 193
214 217
11 1
74 49
60 63
68 78
95 100
228 286
24 26
69 46
62 66
88 89
124 114
328 326
350 351
118 134
161 157
206 199
13 1
62 46
104 80
119 135
53 77
83 84
148 145
212 202
204 206
321 320
61 174
36 39
101 107
155 158
203 213
221 217
15 17
98 80
226 217
223 226
309 307
108 82
84 106
86 97
98 108
117 112
151 152
59 71
87 90
87 108
96 98
123 132
333 335
53 64
81 82
101 106
209 199
219 214
306 307
322 317
33 41
76 49
59 64
93 100
219 223
343 339
55 46
65 75
99 100
120 121
265 264
141 142
6 0
20 21
21 23
52 65
61 69
64 70
126 136
187 182
221 228
36 37
50 54
60 72
161 156
162 157
42 30
111 82
88 90
90 105
220 222
69 73
100 102
132 319
77 312
97 99
100 109
120 113
116 122
121 125
56 66
118 114
42 27
47 49
64 76
67 74
121 128
209 210
83 101
101 105
188 183
58 61
90 97
102 111
61 78
251 63
254 64
53 71
298 296
303 299
51 46
87 104
233 230
350 344
223 248
33 34
87 79
99 79
84 90
91 96
149 152
165 167
92 98
249 250
254 252
328 329
11 12
53 74
67 72
107 79
92 107
118 136
244 247
6 11
245 246
34 36
76 48
